-7.92878 247.257 -3.38761 309.687
-7.36547 186.444 -2.89388 245.269
-7.71055 871.77 -2.73599 933.956
-7.75967 294.401 -2.33977 357.919
-8.31423 295.811 -0.628393 369.491
-7.98103 85.2734 -0.154165 157.062
-7.87046 370.532 0.118527 442.7
-7.65004 441.566 0.159704 511.633
-7.29241 -5.36654 1.15876 64.2473
-6.51281 187.96 1.9377 253.293
-6.08142 549.652 3.00198 614.704
-6.04852 280.362 3.49866 347.445
-7.6596 192.407 -3.1473 253.193
-7.46508 2.0743 -2.73654 62.314
-7.57289 -201.79 -2.45023 -140.034
-8.07018 238.503 -1.97281 305.939
-8.34387 42.0884 -0.376653 117.137
-8.03049 419.446 0.0212927 492.317
-7.79221 342.5 0.247497 414.044
-7.56907 476.16 0.313119 545.977
-7.60503 38.9751 0.944434 110.359
-7.10501 735.473 1.28074 804.194
-6.6792 276.667 2.25757 344.776
-6.17994 914.51 3.00799 980.857
-7.79184 30.7256 -3.18329 92.364
-7.89103 -339.321 -2.45346 -274.529
-7.99344 747.474 -2.04122 814.235
-8.17588 -989.274 -1.60001 -919.919
-7.90334 -45.9544 -0.234087 24.6261
-7.88276 -40.2682 0.302785 32.071
-8.19445 -825.624 0.351072 -750.141
-8.07956 186.863 0.464034 261.649
-7.04594 194.321 1.89612 263.815
-6.79057 250.285 1.91469 317.979
-6.72724 148.996 2.23937 216.923
-6.58137 328.802 2.63167 397.012
-7.49108 391.03 -3.65571 449.214
-7.57258 62.5033 -3.45776 121.49
-7.34153 346.015 -2.83852 404.392
-7.36716 299.087 -2.10438 359.977
-7.51071 212.957 -0.294373 280.322
-7.56885 503.552 0.0430574 572.253
-7.65723 929.644 0.464254 1000.61
-7.48607 416.546 1.05038 487.794
-6.91427 222.834 2.0982 292.813
-6.53967 183.232 2.34201 250.183
-6.33952 288.444 2.63662 354.583
-6.21429 216.086 2.83576 281.618
7.39086 -489.514 4.52266 -543.015
7.19174 -91.959 4.21929 -144.82
7.44882 313.563 3.99981 257.48
7.51705 -208.093 3.78196 -265.979
8.00217 531.439 1.81104 462.95
7.90532 101.097 1.12655 31.3781
8.06631 -233.405 0.927517 -305.074
8.02747 186.795 -0.0664253 112.062
7.24588 356.18 -1.77723 283.601
7.19663 171.764 -2.1555 98.5747
7.41504 -194.033 -2.29593 -269.426
7.33587 269.298 -2.45512 194.193
7.69636 22.0853 4.2574 -35.6498
7.60518 5.63294 3.78747 -53.2435
7.58052 157.816 3.6942 98.8458
7.61034 -209.709 3.65284 -269.108
8.07182 221.93 1.23486 150.961
7.99283 -82.704 0.968009 -153.725
8.23014 633.142 0.801472 559.387
8.11579 270.535 0.399871 195.975
7.9834 -632.59 -1.31852 -710.967
7.77182 -5.71739 -1.57579 -82.6647
7.54631 121.085 -1.94403 45.1443
7.62013 473.732 -2.08595 396.797
7.57287 167.409 4.34789 111.278
7.5203 -89.0923 4.06675 -146.382
7.53784 281.264 3.68003 222.492
7.57729 -71.9057 3.70985 -130.922
7.82549 374.085 1.51789 306.107
8.01225 172.199 1.25739 101.668
8.05509 -588.252 0.762095 -660.551
8.14118 43.3266 0.806783 -29.9217
7.43688 223.938 -1.67756 149.439
7.60964 -17.0869 -1.9421 -93.7017
7.46647 409.523 -2.1581 333.679
7.60742 307.625 -2.4883 229.496
7.33358 244.754 4.92478 193.039
7.08892 -94.9567 4.62918 -145.562
7.26058 175.64 4.18357 121.917
7.56283 -46.2911 3.96378 -103.905
8.12594 -34.0448 1.76986 -104.052
7.94744 150.095 1.22743 80.15
7.92 412.512 0.87383 341.973
7.70185 284.697 0.338309 214.697
7.57972 293.631 -1.77936 218.075
7.35786 -559.072 -2.34502 -634.197
7.24302 376.052 -2.58265 301.551
7.37367 233.789 -2.91079 157.21
-6.60784 628.539 -4.35965 590.74
-6.61136 -15.8094 -4.04894 -51.7434
-6.76017 368.856 -3.93133 333.457
-6.77094 360.102 -3.35148 328.25
-7.95102 168.108 -0.985054 151.085
-7.9387 -194.297 -0.677312 -208.822
-8.1147 217.574 -0.145194 206.205
-8.08187 457.39 0.169922 448.066
-7.47842 -7.54133 2.64721 3.11934
-6.94347 -90.1527 2.89586 -76.7992
-6.87212 -0.0218965 3.55832 18.9793
-6.39438 -204.741 4.82275 -172.969
-6.77922 128.299 -4.24564 90.4087
-7.00311 115.062 -3.64044 80.7468
-6.93092 92.0119 -3.42898 58.8419
-7.04243 176.309 -3.17623 145.016
-7.97356 549.711 -0.743811 533.573
-8.1109 158.534 -0.539578 143.571
-8.05637 203.968 -0.0485708 193.177
-8.01581 384.664 0.147664 374.981
-7.77132 215.429 2.01661 220.533
-7.4255 -134.23 2.56021 -124.124
-7.10075 -22.9886 3.10564 -8.13823
-6.60283 485.897 4.22859 511.267
-6.62322 173.812 -3.85679 138.588
-6.844 137.864 -3.58049 104.002
-6.84248 245.857 -3.23087 214.909
-7.07009 205.777 -3.24971 173.594
-7.936 44.2792 -1.24556 24.7844
-7.93769 236.787 -0.79133 220.828
-8.12423 323.493 -0.314499 310.993
-8.07964 341.203 0.159794 331.86
-7.93688 72.0327 2.1866 77.2306
-7.58882 -249.683 2.34612 -242.273
-7.39967 229.155 2.78067 239.963
-7.52189 -51.7834 3.00898 -39.2803
-6.45361 368.458 -4.35021 331.232
-6.50329 138.257 -4.08972 102.55
-6.57654 290.775 -3.71409 257.542
-6.78919 190.43 -3.4137 158.431
-7.7093 796.913 -1.57796 775.683
-7.7269 183.429 -0.810865 168.374
-7.74763 257.577 -0.314638 245.536
-8.02327 298.551 0.243327 290.433
-7.5237 316.37 2.53011 325.931
-7.19084 61.3202 3.01845 75.5961
-7.0385 -13.6675 3.48678 3.98191
-6.96754 4.11721 3.84635 24.5173
8.53951 235.138 4.66929 278.029
8.50183 101.025 3.77333 135.878
8.58664 85.6221 3.41922 117.857
8.62114 107.17 3.07937 135.985
8.92137 157.024 1.51824 174.339
8.64884 106.761 0.979214 120.242
8.61965 112.202 0.577537 123.197
8.41774 153.238 -0.108059 159.165
7.55804 384.514 -2.18147 375.336
7.42653 154.326 -2.53547 142.993
7.1411 337.152 -2.82704 323.431
6.94635 497.252 -3.06685 481.669
8.83995 190.543 4.26138 229.79
8.69679 68.762 3.42208 100.867
8.7016 48.6017 3.1724 79.0371
8.79317 110.686 2.77604 137.535
9.01334 171.982 1.46572 188.784
8.71937 104.432 1.02835 117.855
8.72896 107.403 0.342659 116.506
8.59585 159.366 -0.0485255 164.964
8.02908 688.326 -1.7875 681.748
8.01789 330.662 -1.57902 325.007
7.87993 234.616 -2.2852 223.818
7.60348 480.311 -2.37778 469.295
8.8806 264.6 3.84269 298.739
8.80451 144.215 3.18508 173.935
8.80755 107.517 2.87838 134.963
8.94976 171.824 2.53502 196.644
8.84523 181.5 1.10817 195.726
8.7947 136.861 0.93302 149.095
8.57641 168.204 0.550737 178.542
8.7252 217.53 0.195808 225.431
7.60761 351.225 -2.29204 341.618
7.5444 322.982 -2.46882 311.623
7.35562 656.717 -2.6937 644.448
7.25447 823.268 -3.06017 808.557
8.60174 172.381 4.16832 210.347
8.42933 86.1965 3.83634 121.857
8.38306 80.0543 3.30267 111.28
8.61594 109.544 2.84903 137.465
8.61171 175.47 1.33674 191.036
8.5474 142.282 0.835486 154.997
8.24509 130.408 0.198695 138.2
8.20906 196.811 -0.217462 202.407
7.40805 391.281 -2.42416 380.924
7.1782 116.873 -2.88112 102.989
7.12748 336.548 -3.07707 321.57
6.84213 284.468 -3.38517 267.654
