214.493
162.571
848.734
273.529
288.523
90.2511
372.044
436.278
6.2509
212.323
583.889
316.769
159.226
-20.471
-221.231
217.66
32.5211
423.927
347.028
478.314
46.093
741.266
300.246
933.936
31.2045
-331.329
759.934
-973.451
-13.2243
3.6921
-788.85
219.605
240.624
299.911
200.93
375.082
380.574
60.4536
351.504
313.703
242.407
538.94
964.641
450.991
257.064
231.974
341.737
270.521
-456.899
-52.816
351.448
-177.88
540.07
105.978
-236.67
163.565
335.246
152.065
-217.623
245.101
47.906
37.7591
188.852
-184.186
215.673
-85.548
626.572
241.015
-661.18
-22.053
100.176
451.136
229.267
-23.768
344.473
-12.487
414.967
204.701
-559.27
62.066
228.534
-11.947
418.537
307.241
304.816
-25.632
244.52
16.33
-2.925
182.524
446.28
309.982
298.957
-554.141
379.249
230.736
658.836
24.346
401.974
391.65
185.06
-172.99
232.519
478.587
7.5915
-58.421
24.8782
-180.11
154.348
149.093
122.46
204.838
569.969
182.368
224.818
406.302
232.542
-106.514
11.0271
512.188
175.891
144.756
257.77
208.303
40.9357
239.362
321.292
331.337
57.3626
-250.946
228.234
-56.6316
360.143
139.03
298.058
193.397
793.549
185.523
256.582
291.319
306.21
61.5436
-13.196
0.1808
243.811
143.701
134.114
151.214
187.843
147.826
154.679
192.43
415.547
191.049
367.381
527.731
220.015
118.605
99.495
149.539
203.781
147.414
152.216
197.96
708.31
358.94
264.25
506.921
255.856
163.343
134.062
183.89
192.408
151.472
182.254
223.208
357.572
335.207
668.178
829.326
179.34
105.494
104.017
129.274
181.358
155.719
150.254
208.168
395.014
125.135
343.454
286.636
