223.802
162.466
847.512
268.947
264.903
59.4021
332.317
403.374
-35.4616
159.903
515.273
248.173
157.088
-18.9165
-223.965
211.01
0.985005
393.759
308.893
439.553
5.14565
694.429
246.213
869.945
15.7425
-350.388
740.484
-1001.56
-63.5838
-46.4151
-841.924
165.676
168.854
226.699
127.116
299.869
369.729
45.6489
331.256
286.877
189.787
484.824
908.611
382.328
182.86
153.797
259.585
191.497
-652.144
-242.791
161.885
-364.451
366.377
-60.9066
-401.14
9.14967
204.566
24.2784
-343.111
122.674
-148.469
-150.755
1.90107
-371.853
47.6926
-249.064
461.74
80.9368
-802.262
-158.146
-29.3748
321.807
17.4605
-233.5
141.024
-217.367
228.718
21.5842
-737.408
-120.18
81.5865
-156.798
276.964
168.176
89.4705
-234.957
39.0753
-190.077
-193.486
-2.36819
269.085
136.215
149.513
-694.664
245.315
101.298
510.202
-123.293
253.062
244.932
39.0776
-319.85
86.2225
330.689
-139.847
-205.62
-124.181
-327.101
6.68745
1.63499
-24.5765
57.708
425.23
38.0827
79.5472
259.277
84.7609
-252.991
-137.725
365.181
79.4985
47.2432
159.718
109.271
-55.711
142.615
223.895
233.453
-40.2416
-348.247
130.865
-155.207
262.968
41.6474
200.643
93.573
695.833
86.5633
158.697
194.714
207.095
-35.6503
-110.143
-98.8994
97.7741
-3.08336
-13.3007
4.34816
39.5514
-0.104555
6.75983
46.096
267.672
41.4175
218.046
377.811
72.714
-26.5564
-46.4705
4.7019
56.5197
0.704375
6.5326
50.7559
559.801
210.95
116.849
359.7
157.42
65.6386
35.7682
87.127
95.32
54.703
85.068
124.905
258.3
235.436
568.862
729.166
80.2619
7.02821
4.57881
30.0818
83.1396
57.7273
52.3611
109.8
294.526
25.2689
243.22
187.714