84.2623
89.9154
89.3123
89.4068
86.9746
86.7881
88.0922
84.5012
86.7024
87.6721
89.9279
82.1503
86.9221
86.5671
87.3778
86.9716
85.268
85.9198
84.9609
84.47
83.5377
84.2551
87.1964
90.4196
64.0608
65.6451
63.9542
63.4126
62.5704
61.4217
61.5436
59.7771
62.267
61.2976
63.1407
62.1348
61.8414
64.5894
64.3153
61.9569
61.9916
60.1698
62.2859
59.1379
60.4425
62.1515
62.4677
64.8952
93.3756
94.4817
92.9272
91.3733
91.6167
91.1507
88.395
90.8433
94.5147
94.153
97.2611
95.11
92.2656
92.6643
93.2399
91.2069
89.8258
88.5017
89.7473
87.291
92.4201
93.4976
93.277
96.5424
66.8308
66.3604
64.1836
64.3931
64.2769
64.4855
62.917
63.5599
61.4569
63.2725
66.6177
65.0623
64.6787
66.8892
67.6644
64.1144
62.7993
62.7677
67.3375
66.3978
63.5524
64.0943
64.7411
64.2067
109.993
110.787
111.781
111.676
108.971
111.789
110.863
111.211
110.544
110.507
110.62
111.338
111.238
111.971
112.842
111.376
110.826
109.171
108.625
111.663
110.685
110.84
110.954
113.445
64.1201
65.7968
64.6774
63.3333
63.9407
64.0718
63.6663
63.4766
63.9021
64.2531
62.626
63.8835
63.5161
62.8832
64.7373
63.7847
64.8505
62.1475
63.8763
61.3148
66.326
62.5437
62.4009
64.2181
109.719
110.591
112.606
108.92
110.232
109.932
110.879
108.404
109.223
110.007
110.943
110.168
109.393
110.261
112.605
110.164
110.843
109.986
109.332
109.993
110.396
109.357
110.477
110.243
61.8484
64.2325
66.1284
62.7462
62.2381
64.6713
63.6357
63.2786
62.7166
64.4546
66.4283
65.8142
61.8584
64.5777
65.3662
63.3299
63.3466
62.8065
62.2459
62.8
63.728
62.725
63.6808
62.6749
