265.341
207.173
895.504
313.347
315.234
96.8566
381.32
455.339
35.3402
225.053
590.283
314.366
206.29
25.0319
-173.36
266.547
46.2406
434.591
353.633
489.737
91.0584
772.766
313.806
936.055
37.3553
-339.47
753.263
-982.544
-68.1269
-51.4419
-842.131
173.208
202.756
257.025
163.767
337.124
377.127
53.4668
342.874
290.609
191.764
485.71
922.818
395.056
228.966
189.526
294.698
223.271
-571.573
-166.184
235.232
-307.04
398.273
-32.2728
-351.701
49.4232
232.955
56.3819
-315.503
147.059
-63.186
-71.3669
74.5338
-304.018
76.7563
-219.904
521.05
123.127
-770.62
-128.698
-4.95863
340.319
56.5594
-191.905
176.195
-186.556
215.905
9.65304
-743.835
-102.268
67.6435
-182.011
243.035
129.266
138.128
-192.378
72.6679
-165.886
-202.358
-10.055
265.537
153.403
130.52
-725.73
208.405
49.9598
506.602
-137.516
247.799
241.861
82.4016
-274.01
141.654
386.568
-46.1701
-117.479
-38.3678
-217.523
1.28904
-2.94658
-27.5162
55.4603
467.568
82.3624
127.884
313.17
173.547
-160.643
-45.4765
474.462
91.9956
53.8134
158.047
103.377
-18.6089
186.477
269.655
300.255
41.789
-256.558
226.264
-57.9963
275.752
41.4592
198.766
92.718
734.381
130.102
206.893
251.389
296.458
55.4371
-12.1276
12.3391
740.104
9.98854
-40.7515
117.839
-238.961
-300.876
330.416
156.067
236.59
15.1293
189.164
344.427
529.298
-194.45
-320.473
194.001
-416.254
39.4469
56.0207
-134.517
531.915
186.245
86.3737
342.432
48.8619
306.408
77.735
-304.993
107.055
385.383
27.3225
242.814
232.759
223.304
538.176
688.15
-137.467
163.232
-54.197
-325.909
-96.5086
104.518
488.879
139.947
264.929
5.56798
211.622
147.859