-50.848
-44.6016
-46.7701
-39.8183
-26.7107
-6.60546
-9.27645
-19.0611
-29.0893
-12.7297
-6.39363
2.40263
-47.064
-45.5029
-47.8713
-48.8871
-13.7195
-10.6644
-6.60518
-11.4231
-44.9654
-31.5002
-13.5604
-2.11937
-6.15079
8.14087
6.67126
9.0928
54.9026
55.134
53.2812
46.3972
37.8681
42.8865
37.1628
37.9583
3.44715
6.98681
8.62953
23.094
50.6426
53.2302
41.8226
55.9347
28.0983
42.448
47.0386
47.2502
114.674
113.368
116.216
129.16
141.797
138.251
115.031
114.142
102.291
95.6828
97.8804
98.0419
111.092
109.126
114.318
119.832
138.917
134.356
105.522
117.888
109.44
106.645
105.135
110.817
172.708
168.137
168.278
174.069
199.062
195.048
184.565
164.334
160.891
170.064
175.502
177.975
166.688
166.746
171.852
182.216
199.433
192.579
180.743
156.579
168.437
171.589
170.844
180.776
152.234
161.862
154.175
149.789
102.658
101.02
90.8649
92.0185
53.7616
59.058
63.246
37.4129
153.059
152.04
149.976
149.378
102.401
100.006
96.9338
93.1318
58.9951
54.1292
56.5036
37.7255
83.8957
90.9423
99.7231
104.926
59.5446
52.8846
51.6375
31.0822
15.5736
5.61225
1.96992
1.36468
84.3905
97.5709
99.2916
100.679
59.1682
55.4213
49.6895
39.93
9.75207
6.10645
-1.0684
-12.1583
-496.293
133.712
174.865
33.3749
426.804
448.702
-175.737
36.3632
178.957
175.92
178.217
183.304
-309.283
313.055
419.968
-44.4619
620.035
107.967
96.1956
332.477
176.395
172.695
177.876
164.489
206.994
-143.065
56.327
488.883
85.3529
-233.911
154.931
-19.6063
124.813
111.903
130.002
141.176
316.807
-57.7378
158.214
455.183
277.867
51.2011
-338.625
68.2214
130.085
119.567
131.832
138.777